count=1000
1 897 785
2 91 459
3 809 353
4 269 512
5 991 375
6 470 656
7 50 217
8 738 667
9 213 213
10 772 626
11 526 118
12 949 194
13 474 350
14 42 387
15 797 343
16 452 475
17 410 307
18 53 912
19 754 410
20 508 275
21 85 215
22 60 834
23 182 566
24 500 626
25 317 88
26 945 942
27 187 653
28 909 316
29 167 549
30 42 637
31 894 301
32 155 342
33 843 527
34 52 915
35 117 695
36 961 420
37 392 507
38 316 521
39 983 930
40 468 198
41 579 373
42 308 651
43 457 165
44 79 751
45 51 456
46 541 499
47 289 947
48 149 288
49 384 926
50 94 673
51 452 504
52 928 522
53 488 584
54 426 975
55 657 685
56 584 282
57 759 955
58 298 953
59 380 692
60 13 640
61 118 836
62 354 842
63 715 456
64 710 300
65 355 162
66 835 432
67 651 505
68 859 993
69 108 658
70 992 704
71 705 173
72 695 303
73 779 476
74 582 811
75 408 644
76 139 270
77 273 503
78 182 657
79 894 403
80 738 587
81 109 922
82 529 770
83 625 600
84 148 179
85 310 623
86 394 609
87 330 954
88 132 8
89 708 22
90 118 439
91 895 16
92 108 144
93 148 814
94 629 571
95 926 155
96 383 402
97 142 660
98 972 236
99 430 517
100 707 104
101 257 278
102 680 615
103 931 712
104 515 0
105 10 249
106 802 595
107 469 389
108 432 524
109 892 195
110 93 840
111 474 950
112 409 468
113 85 193
114 442 914
115 960 952
116 488 286
117 21 786
118 326 751
119 448 861
120 950 576
121 402 581
122 258 202
123 437 207
124 251 420
125 380 550
126 47 87
127 320 940
128 414 670
129 899 867
130 734 919
131 766 325
132 337 660
133 111 923
134 757 802
135 979 156
136 221 878
137 990 105
138 185 120
139 408 9
140 902 615
141 953 199
142 706 735
143 261 975
144 278 922
145 164 692
146 401 177
147 774 825
148 782 420
149 65 451
150 837 749
151 391 990
152 567 100
153 144 82
154 774 508
155 914 249
156 563 587
157 633 379
158 17 677
159 932 286
160 145 99
161 887 155
162 548 895
163 929 602
164 176 632
165 716 284
166 951 177
167 205 807
168 151 356
169 780 278
170 718 706
171 262 459
172 636 105
173 24 559
174 708 278
175 557 32
176 781 369
177 518 815
178 593 754
179 209 819
180 348 303
181 912 229
182 567 693
183 745 452
184 429 199
185 984 132
186 523 289
187 783 526
188 399 853
189 497 368
190 445 842
191 251 741
192 681 129
193 499 723
194 702 382
195 121 432
196 904 46
197 906 587
198 637 780
199 25 708
200 122 397
201 957 251
202 93 425
203 156 753
204 171 769
205 622 991
206 720 274
207 39 573
208 471 88
209 278 367
210 390 191
211 200 595
212 757 36
213 893 321
214 972 815
215 518 140
216 81 452
217 123 566
218 695 929
219 992 101
220 162 281
221 178 936
222 414 471
223 819 172
224 876 402
225 378 948
226 840 203
227 482 605
228 492 61
229 938 881
230 824 858
231 907 13
232 186 295
233 26 208
234 130 418
235 641 364
236 712 306
237 114 710
238 765 88
239 37 306
240 526 79
241 81 796
242 653 728
243 832 628
244 789 880
245 183 593
246 508 950
247 490 609
248 971 279
249 156 825
250 63 615
251 684 220
252 300 326
253 548 299
254 984 902
255 390 362
256 217 172
257 61 344
258 782 916
259 790 222
260 456 139
261 114 769
262 452 428
263 325 817
264 882 542
265 517 628
266 323 106
267 633 135
268 101 597
269 209 120
270 920 618
271 837 943
272 374 856
273 993 776
274 780 886
275 87 69
276 299 511
277 962 113
278 41 796
279 711 506
280 863 102
281 544 551
282 247 811
283 827 999
284 36 601
285 545 102
286 554 331
287 673 905
288 859 305
289 118 906
290 437 860
291 684 339
292 849 689
293 631 267
294 10 162
295 824 665
296 383 965
297 503 183
298 413 351
299 347 169
300 672 98
301 129 847
302 563 271
303 893 540
304 609 117
305 482 177
306 908 749
307 333 700
308 331 906
309 406 614
310 390 952
311 595 13
312 778 154
313 717 968
314 830 567
315 668 542
316 69 59
317 294 39
318 926 220
319 488 819
320 677 339
321 931 985
322 771 69
323 200 297
324 163 624
325 609 252
326 273 431
327 604 726
328 202 849
329 309 556
330 164 270
331 922 972
332 484 984
333 641 208
334 243 307
335 572 377
336 1000 641
337 528 387
338 265 192
339 218 213
340 179 201
341 509 703
342 399 391
343 503 487
344 508 287
345 668 942
346 452 220
347 445 904
348 202 52
349 89 208
350 96 742
351 561 215
352 178 380
353 190 995
354 572 259
355 547 269
356 182 947
357 792 514
358 773 747
359 237 936
360 341 285
361 834 475
362 644 814
363 740 350
364 727 823
365 625 812
366 741 257
367 980 964
368 416 766
369 201 875
370 391 384
371 234 426
372 295 260
373 475 585
374 708 330
375 424 129
376 341 252
377 220 413
378 661 791
379 480 742
380 141 296
381 654 173
382 669 234
383 744 723
384 540 423
385 581 362
386 600 892
387 178 786
388 519 505
389 82 863
390 586 277
391 877 536
392 795 301
393 963 999
394 912 224
395 341 289
396 918 996
397 918 829
398 230 532
399 431 895
400 564 339
401 329 744
402 376 863
403 195 555
404 556 848
405 410 449
406 496 371
407 974 526
408 482 819
409 697 16
410 437 76
411 366 64
412 145 336
413 619 472
414 599 430
415 598 364
416 848 277
417 748 314
418 589 374
419 107 895
420 876 177
421 942 383
422 306 647
423 990 229
424 863 303
425 82 72
426 970 615
427 439 342
428 294 340
429 940 787
430 693 811
431 279 340
432 146 632
433 71 805
434 348 710
435 832 761
436 308 763
437 640 662
438 526 730
439 799 228
440 589 551
441 924 923
442 100 813
443 174 160
444 53 784
445 633 364
446 407 366
447 510 884
448 323 23
449 715 47
450 550 593
451 859 800
452 285 472
453 127 278
454 349 262
455 862 442
456 749 996
457 900 742
458 937 33
459 130 706
460 928 727
461 590 484
462 291 134
463 125 737
464 940 749
465 815 13
466 103 11
467 549 854
468 349 125
469 822 200
470 772 473
471 133 569
472 323 362
473 456 436
474 282 560
475 773 345
476 255 708
477 880 241
478 767 563
479 647 404
480 801 113
481 710 762
482 593 463
483 144 909
484 547 951
485 95 568
486 993 103
487 48 136
488 442 742
489 547 675
490 553 11
491 654 252
492 462 780
493 119 179
494 618 42
495 662 928
496 312 928
497 334 364
498 191 712
499 600 616
500 699 852
501 204 840
502 649 565
503 670 942
504 874 325
505 519 435
506 362 951
507 156 392
508 763 326
509 398 387
510 75 40
511 828 62
512 418 148
513 320 43
514 202 5
515 536 754
516 335 89
517 163 532
518 838 943
519 526 971
520 288 349
521 42 506
522 192 360
523 3 13
524 15 99
525 12 663
526 85 775
527 405 115
528 416 977
529 35 762
530 404 507
531 437 283
532 749 512
533 692 788
534 982 190
535 576 304
536 45 75
537 672 603
538 152 76
539 309 700
540 741 703
541 704 108
542 629 384
543 852 784
544 837 426
545 821 820
546 583 306
547 223 399
548 923 775
549 988 600
550 780 425
551 18 77
552 694 630
553 321 49
554 275 223
555 99 436
556 352 209
557 524 904
558 595 890
559 434 891
560 663 6
561 645 191
562 219 314
563 813 421
564 39 502
565 881 188
566 117 504
567 828 588
568 256 540
569 476 66
570 824 867
571 983 412
572 619 955
573 867 771
574 297 372
575 38 481
576 755 268
577 907 569
578 174 978
579 939 74
580 0 148
581 717 621
582 275 276
583 836 406
584 198 500
585 918 40
586 192 422
587 2 348
588 456 332
589 694 762
590 972 591
591 363 709
592 706 26
593 220 14
594 72 275
595 138 893
596 84 106
597 931 921
598 519 588
599 311 164
600 97 874
601 896 730
602 245 976
603 356 911
604 501 962
605 742 698
606 499 717
607 181 615
608 478 243
609 257 159
610 728 473
611 323 305
612 672 756
613 935 80
614 409 36
615 500 44
616 225 399
617 550 728
618 786 35
619 956 541
620 787 469
621 384 867
622 590 687
623 601 41
624 823 749
625 818 699
626 118 52
627 403 108
628 344 779
629 469 766
630 576 663
631 909 714
632 492 825
633 474 188
634 690 755
635 14 323
636 267 921
637 270 153
638 23 444
639 349 195
640 55 904
641 591 187
642 767 510
643 453 281
644 720 361
645 918 481
646 799 173
647 430 784
648 467 303
649 213 680
650 217 582
651 3 268
652 127 880
653 580 45
654 920 424
655 651 913
656 55 639
657 758 422
658 484 388
659 499 978
660 205 657
661 708 959
662 7 300
663 225 303
664 384 859
665 969 347
666 907 812
667 809 748
668 934 246
669 349 208
670 767 486
671 573 926
672 386 976
673 623 459
674 295 895
675 179 47
676 973 396
677 5 164
678 65 410
679 384 637
680 242 1000
681 362 909
682 37 319
683 91 544
684 942 922
685 348 78
686 47 564
687 965 691
688 382 830
689 880 608
690 217 921
691 684 324
692 163 401
693 51 56
694 948 893
695 222 655
696 882 12
697 718 498
698 825 907
699 2 103
700 640 295
701 275 50
702 439 679
703 348 97
704 634 417
705 708 39
706 339 926
707 539 762
708 388 784
709 613 691
710 580 695
711 37 924
712 695 761
713 124 793
714 640 865
715 492 41
716 235 126
717 741 67
718 134 518
719 982 350
720 708 715
721 472 85
722 828 164
723 157 208
724 358 849
725 22 550
726 36 980
727 737 945
728 455 803
729 498 437
730 780 275
731 713 660
732 407 319
733 169 479
734 994 694
735 830 581
736 335 892
737 597 281
738 619 1
739 363 650
740 401 864
741 423 102
742 453 752
743 98 29
744 180 84
745 598 763
746 810 656
747 520 470
748 746 212
749 174 8
750 942 406
751 787 202
752 783 194
753 246 75
754 369 943
755 743 300
756 298 470
757 875 443
758 902 834
759 191 243
760 342 155
761 214 858
762 735 160
763 231 943
764 137 849
765 317 437
766 693 363
767 931 654
768 429 154
769 530 76
770 111 182
771 511 616
772 623 329
773 572 961
774 350 998
775 786 861
776 927 410
777 273 616
778 147 905
779 853 397
780 177 768
781 922 214
782 570 900
783 806 740
784 607 931
785 979 772
786 637 702
787 891 50
788 251 594
789 935 586
790 806 357
791 48 401
792 732 101
793 247 611
794 989 997
795 33 954
796 167 446
797 895 744
798 165 616
799 800 728
800 284 26
801 608 594
802 20 778
803 591 291
804 639 553
805 259 917
806 183 152
807 863 694
808 214 398
809 669 477
810 898 420
811 179 844
812 839 382
813 364 507
814 15 22
815 267 503
816 51 290
817 2 103
818 77 679
819 632 839
820 966 231
821 701 434
822 308 921
823 596 538
824 531 529
825 671 185
826 591 340
827 913 735
828 407 178
829 19 268
830 276 409
831 8 80
832 604 42
833 204 841
834 935 952
835 645 849
836 143 88
837 12 357
838 517 395
839 954 846
840 474 107
841 948 714
842 242 304
843 658 493
844 742 257
845 14 102
846 162 675
847 233 305
848 814 428
849 122 253
850 688 890
851 775 97
852 157 383
853 736 642
854 801 352
855 373 125
856 355 125
857 985 389
858 379 241
859 216 584
860 948 560
861 772 242
862 269 990
863 258 911
864 182 305
865 883 456
866 788 87
867 987 708
868 702 745
869 230 118
870 2 264
871 859 154
872 811 292
873 106 139
874 331 289
875 802 468
876 321 943
877 349 117
878 466 124
879 176 42
880 337 709
881 189 685
882 536 132
883 546 255
884 689 821
885 393 250
886 620 652
887 614 136
888 173 121
889 190 964
890 928 832
891 402 321
892 277 81
893 174 354
894 479 79
895 884 886
896 819 397
897 463 931
898 167 647
899 125 271
900 333 404
901 460 577
902 869 718
903 563 637
904 835 80
905 999 10
906 607 38
907 54 587
908 824 397
909 378 582
910 5 504
911 952 105
912 898 765
913 621 950
914 3 746
915 229 619
916 624 183
917 512 341
918 825 845
919 236 491
920 912 99
921 985 881
922 237 291
923 429 683
924 949 249
925 735 624
926 375 770
927 820 320
928 260 243
929 660 999
930 671 489
931 589 683
932 363 870
933 945 425
934 284 199
935 976 431
936 137 22
937 183 297
938 640 796
939 919 609
940 652 867
941 888 987
942 241 771
943 723 261
944 49 113
945 250 20
946 143 19
947 595 103
948 615 614
949 239 278
950 300 707
951 176 344
952 732 669
953 336 700
954 212 891
955 847 273
956 755 666
957 601 125
958 214 843
959 412 590
960 56 120
961 347 820
962 967 129
963 47 223
964 878 228
965 978 960
966 960 937
967 972 81
968 510 879
969 619 989
970 981 277
971 143 705
972 837 82
973 798 783
974 542 447
975 136 114
976 740 328
977 1000 458
978 450 124
979 768 15
980 465 357
981 845 172
982 152 565
983 698 797
984 291 829
985 884 128
986 936 304
987 251 342
988 350 289
989 490 485
990 433 886
991 570 350
992 554 886
993 765 630
994 438 423
995 9 563
996 19 576
997 513 132
998 109 124
999 147 635
1000 428 863
